1
2 1
8 23 4 35
3 1
10 19 10 140
4 0
5 0
6 1
16 16 18 342
7 1
16 16 16 260
8 0
9 0
10 0

2
1 0
3 0
4 1
10 10 12 280
5 1
12 12 15 200
6 0
7 0
8 0
9 1
10 10 20 460
10 0

3
1 1
19 19 9 204
2 0
4 1
11 11 8 130
5 0
6 1
17 20 9 147
7 1
15 15 6 120
8 1
11 11 11 220
9 0
10 1
9 12 28 300

4
1 1
15 17 16 297
2 1
16 16 18 277
3 1
9 10 6 113
5 1
16 16 16 300
6 1
11 11 17 306
7 1
13 13 11 257
8 1
19 19 16 300
9 0
10 0

5
1 0
2 0
3 0
4 1
16 16 16 285
6 1
6 17 4 100
7 0
8 1
18 18 14 302
9 0
10 1
19 19 24 325

6
1 1
16 17 18 238
2 1
16 17 18 324
3 1
16 18 9 230
4 1
10 10 17 258
5 1
9 15 4 105
7 1
17 17 12 218
8 0
9 1
6 8 43 350
10 1
12 15 25 428

7
1 1
12 12 16 320
2 0
3 1
11 14 6 150
4 0
5 0
6 1
11 18 9 180
8 0
9 0
10 1
13 14 17 262

8
1 0
2 0
3 0
4 1
14 15 17 267
5 1
12 18 12 220
6 0
7 0
8 0
9 0
10 1
13 18 10 200

9
1 0
2 0
3 0
4 0
5 0
6 1
9 9 43 350
7 0
8 0
10 1
11 11 30 350

10
1 0
2 0
3 1
12 13 24 265
4 0
5 1
12 19 26 325
6 0
7 1
14 14 17 260
8 1
12 15 11 200
9 0
10 0