1
2 0
3 1
9 9 2 1246
4 1
7 23 2 2230
5 1
9 20 2 2230
6 1
12 21 2 1490
7 1
7 21 2 2290
8 1
6 19 2 1480
9 1
7 23 3 2030
10 1
7 21 3 2310

2
1 0
3 1
9 9 1 867
4 1
8 18 2 1064
5 0
6 1
7 21 2 1760
7 1
16 19 2 1000
8 1
10 22 4 1484
9 1
10 18 3 1943
10 1
7 21 3 1831

3
1 1
18 18 2 1250
2 1
18 18 2 867
4 0
5 1
16 16 1 689
6 1
7 22 2 1400
7 0
8 0
9 1
12 19 2 1110
10 1
8 21 2 1410

4
1 1
6 23 2 2210
2 1
6 17 2 1080
3 0
5 1
7 20 2 1180
6 1
6 22 2 1400
7 1
13 15 2 1450
8 1
11 22 2 1060
9 1
15 17 2 969
10 1
7 23 3 1505

5
1 1
8 21 2 2230
2 0
3 0
4 1
10 23 2 1276
6 1
7 7 1 1000
7 0
8 1
10 19 2 880
9 1
10 22 13 1957
10 1
7 23 3 1560

6
1 1
7 23 2 1490
2 1
7 22 2 2902
3 1
8 17 2 1400
4 1
8 11 2 1456
5 1
23 23 1 1000
7 1
6 22 2 1686
8 1
7 19 2 1633
9 1
7 22 3 2075
10 1
7 23 2 1600

7
1 1
7 21 2 2290
2 1
16 17 2 1135
3 0
4 1
7 21 3 1643
5 0
6 1
7 23 2 2000
8 0
9 1
8 19 2 1340
10 1
8 22 2 1920

8
1 1
6 22 2 1480
2 1
7 20 2 1514
3 0
4 1
11 18 2 1033
5 1
7 14 1 880
6 1
10 21 2 1600
7 0
9 1
8 17 2 1340
10 1
16 18 3 1273

9
1 1
7 22 3 2020
2 1
7 19 2 1951
3 1
9 16 2 1105
4 1
14 18 1 970
5 1
7 19 2 1960
6 1
6 21 3 2120
7 1
6 22 2 1221
8 1
19 23 2 1110
10 1
7 22 3 1700

10
1 1
8 22 3 2300
2 1
7 19 3 2031
3 1
6 21 2 1410
4 1
6 21 2 1512
5 1
6 21 2 1290
6 1
6 21 2 1290
7 1
8 18 2 1875
8 1
8 10 1 1261
9 1
6 22 2 1712
10 0