1
2 1
0 23 1 90
3 1
5 23 6 253
4 1
6 22 6 820
5 1
7 23 4 748
6 1
7 21 5 933
7 1
5 22 5 835
8 1
7 22 6 1038
9 1
7 16 10 1246
10 1
5 18 9 1380

2
1 1
0 23 1 88
3 1
0 20 4 509
4 1
2 19 6 832
5 1
1 23 4 509
6 1
7 23 6 893
7 1
8 18 6 839
9 1
8 16 10 1268
10 1
8 15 11 1404

3
1 1
0 23 3 504
2 1
7 19 4 493
4 1
0 23 7 97
5 1
0 22 3 520
6 1
0 21 5 749
7 1
0 23 4 197
8 1
2 23 4 635
9 1
5 23 6 803
10 1
4 19 6 1050

4
1 1
7 22 5 824
2 1
8 17 6 832
3 1
6 21 2 382
5 1
6 23 5 876
6 1
6 23 7 1095
7 1
7 22 6 727
8 1
7 22 6 940
9 1
6 21 4 940
10 1
7 14 9 1301

5
1 1
7 23 3 748
2 1
9 19 4 663
3 1
8 20 3 520
4 1
8 18 5 876
6 1
0 22 2 120
7 1
7 20 3 208
8 1
7 17 5 586
9 1
7 15 12 906
10 1
14 18 7 1055

6
1 1
6 21 5 933
2 1
7 17 5 853
3 1
6 19 5 739
4 1
6 14 7 1095
5 1
6 22 2 219
7 1
8 21 4 548
8 1
8 20 5 798
9 1
6 16 14 1090
10 1
10 19 8 1302

7
1 1
0 23 4 832
2 1
6 7 8 1076
3 1
7 21 2 392
4 1
9 18 5 727
5 1
8 18 3 319
6 1
8 16 4 473
8 1
0 23 2 264
9 1
10 15 9 587
10 1
0 23 4 738

8
1 1
7 23 7 1038
2 1
7 9 8 1052
3 1
7 19 4 630
4 1
9 16 6 940
5 1
7 16 4 586
6 1
7 18 6 798
7 1
7 21 1 264
9 1
7 18 7 960
10 1
0 23 3 504

9
1 1
7 15 8 1246
2 1
9 12 10 1253
3 1
7 17 6 803
4 1
7 18 4 421
5 1
11 11 10 1297
6 1
11 11 11 1516
7 1
7 13 9 587
8 1
7 9 7 960
10 1
7 17 10 879
10
1 1
8 13 9 1380
2 1
6 6 11 1404
3 1
6 16 7 1046
4 1
7 14 8 1301
5 1
7 7 8 1301
6 1
12 15 8 1302
7 1
3 19 4 738
8 1
6 22 3 504
9 1
7 13 10 905
10 0